118.68094336805885 135.09852258114412 1.1270265093770742 3337.8258168766897 2451.533711709503 61.11233578090125 19.185101627514978 437.87507840568964 
465.3175410748211 174.56292769660894 2.0166372454037305 3008.6250819076163 2421.0943982571716 55.77233755493049 15.27594787230663 547.3545963547433 
118.68094336805885 134.73937694043437 1.128365083284847 3323.722042557328 2417.51123257452 67.88997185082312 12.753188284695604 546.1315254939136 
465.3175410748211 174.56292769660894 2.0166372454037305 3008.6250819076163 2421.0943982571716 55.77233755493049 15.27594787230663 547.3545963547433 
207.9292757173183 255.1411676312924 1.073039342255551 3111.7992133038415 2453.738849885327 53.476090785881034 18.47351870393492 545.2851986402775 
124.1239608450171 103.55132703739756 1.919290022061654 3129.0378679567734 2422.7787319221484 63.8714155374937 19.6049606762964 546.3785489157793 
116.75590113584288 270.500782252014 1.1244559913075185 3138.5282437390356 2450.65034666932 54.97987957258119 19.863934733214574 540.0539084902442 
118.68094336805885 135.09852258114412 1.1270265093770742 3337.8258168766897 2451.533711709503 61.11233578090125 19.185101627514978 437.87507840568964 
124.71474602967311 254.4510119284239 1.6264820678067835 3100.2287712250672 2453.738849885327 53.48006264693411 20.43143955462699 539.5989460990103 
119.15239801050787 105.56763795424423 1.139140051089007 3337.8258168766897 2283.652364841028 61.11233578090125 19.185101627514978 437.87507840568964 
120.56506913805356 134.59286424202077 1.1646099082101464 3325.1948114772017 2484.0960853703427 53.06450191459875 20.57887474997652 440.89317342060247 
465.3175410748211 174.56292769660894 2.01753335958568 3000.849734573964 2412.519816797946 54.93263130428238 15.266144206657964 547.5557861262988 
465.3175410748211 137.95427594695497 2.385816979624842 3002.0539337900555 2421.0943982571716 55.77233755493049 15.327499810790183 504.05036677474124 
112.51953012590124 254.86722296131953 1.997199959821121 3066.0792000071438 2433.520536719586 68.34370084014459 19.139693837812427 582.1593638053035 
215.77973575911267 156.72553024094293 3.7066740772790827 3008.6250819076163 2485.8506139234755 55.77233755493049 19.70495043275548 538.5654227595155 

