list<Integer> lowerLimit = Arrays.asList(100, 100, 1, 10, 1, 1000, 150, 0, 50, 12);
List<Integer> upperLimit = Arrays.asList(1000, 1000, 10 ,100, 3, 2000, 300, 100, 100, 24);

Low End Product


							if (fun > 10 && fun <  50) {
								fun1 = fun;
							}
						}else{
							if(fun > 30 && fun < 70){
							
							
Hypervolume (N) : 0.8761987794245859
Hypervolume     : 0.0
Epsilon (N)     : 0.12380122057541414
Epsilon         : 1.42
GD (N)          : 0.742951317361169
GD              : 17.696837601343578
IGD (N)         : 0.7229936747567627
IGD             : 17.56790187995352
IGD+ (N)        : 0.020633536762569023
IGD+            : 0.23666666666666666
Spread (N)      : 0.8169718899481315
Spread          : 0.8946774967855715
Error ratio     : 1.0

22.400000000000006 31.565217391304348 
19.65 32.416666666666664 

25.700000000000003 30.125 
10.850000000000001 33.72727272727273 


228 127 3 85 2 1033 270 88 51 23 
131 123 6 66 2 1008 264 37 71 24 
110 132 1 82 1 1187 248 75 96 22 
131 279 5 66 2 1009 284 99 97 24 
101 197 1 56 3 1019 294 48 65 22 


11.000000000000004 37.5 
44.7 30.73913043478261 
11.000000000000002 39.52173913043478 
26.650000000000002 30.782608695652176 

17.1 34.17391304347826 

20.700000000000006 32.17391304347826 


101 120 1 85 1 1394 196 23 50 23 
153 118 1 67 3 1001 257 56 62 20 
154 603 5 61 2 1032 294 96 65 23 
102 120 3 87 1 1111 196 90 84 23 
234 209 3 72 3 1042 289 99 54 23 
103 112 1 43 2 1081 240 12 70 21 
103 117 4 43 1 1017 230 87 86 23 
158 120 1 95 3 1059 161 61 91 20 
157 244 3 72 3 1031 289 56 54 23 
798 495 7 71 1 1004 288 52 69 24 

