xcList<Integer> lowerLimit = Arrays.asList(100, 100, 1, 10, 1, 2000, 150, 150, 50, 12);
List<Integer> upperLimit = Arrays.asList(1000, 1000, 10 ,100, 3, 3000, 300, 300, 100, 24);

Mid End
if (fun > 10 && fun <  50) {
								fun1 = fun;
							}
						}else{
							if(fun > 30 && fun < 70){

16.950000000000003 69.82608695652173 
34.95 66.20833333333333 
22.85 68.1304347826087 



19.35 69.17391304347827 
26.5 67.91304347826087 

Hypervolume (N) : 0.6603476268346717
Hypervolume     : 0.0
Epsilon (N)     : 0.15070284406668866
Epsilon         : 3.520000000000003
GD (N)          : 0.8863357991815382
GD              : 10.256183304982796
IGD (N)         : 0.12198426323461076
IGD             : 2.2151949792436314
IGD+ (N)        : 0.03152809560132217
IGD+            : 0.6666666666666673
Spread (N)      : 1.009797227406988
Spread          : 0.9849449468658191
Error ratio     : 1.0

116 152 3 77 3 2397 290 243 99 24 
101 151 1 81 3 2655 151 244 79 23 
163 132 2 42 3 2042 261 242 67 23 
270 325 1 48 3 2026 274 224 61 24 
152 320 1 66 2 2026 282 245 68 23 
309 990 7 10 3 2010 265 284 56 23 
645 982 7 11 3 2011 285 299 56 23 
134 251 1 99 2 2027 273 247 67 22 
123 213 2 36 2 2051 250 267 57 23 
288 153 1 82 2 2007 215 285 55 23 
133 117 3 98 1 2027 270 249 67 22 
130 145 1 85 1 2172 213 217 87 23 


Hypervolume (N) : 0.7920359064523824
Hypervolume     : 0.0
Epsilon (N)     : 0.17611159546643415
Epsilon         : 2.0199999999999996
GD (N)          : 0.25924893415344463
GD              : 4.524155465656681
IGD (N)         : 0.23022109231252375
IGD             : 5.467832872548423
IGD+ (N)        : 0.029351932577739024
IGD+            : 0.3366666666666666
Spread (N)      : 0.9316818972659603
Spread          : 0.9826037800674308
Error ratio     : 1.0


17.8 68.375 


30.3 66.45833333333333 
34.650000000000006 63.083333333333336 
30.400000000000002 64.70833333333333 


28.500000000000004 67.30434782608695 

135 134 1 91 2 2696 264 174 71 20 
134 179 2 63 1 2060 250 219 50 24 
135 130 1 91 2 2697 264 162 70 20 
135 131 1 96 2 2729 241 162 70 20 
154 297 6 52 3 2016 277 231 87 24 
231 282 3 43 2 2002 275 275 62 24 
235 124 5 63 1 2025 268 272 68 24 
116 129 4 98 3 2072 224 217 81 23 
137 179 1 63 1 2035 199 219 68 24 
139 111 10 67 1 2056 281 278 51 23 
