List<Integer> lowerLimit = Arrays.asList(100, 100, 10, 50, 5, 3500, 1500, 400, 100, 12);
List<Integer> upperLimit = Arrays.asList(300, 300, 20 ,150, 10, 4000, 2000, 600, 200, 24);






43.35 45.875 
16.65 46.608695652173914 



12.200000000000003 48.81818181818182 



Hypervolume (N) : 0.9996433979456051
Hypervolume     : 0.0
Epsilon (N)     : -0.08544027898866613
Epsilon         : -0.9800000000000004
GD (N)          : 0.2895820678570279
GD              : 6.703241936772051
IGD (N)         : 0.34703224817846223
IGD             : 6.9040894423156445
IGD+ (N)        : 0.0
IGD+            : 0.0
Spread (N)      : 1.0118428898587004
Spread          : 1.0364714973230829
Error ratio     : 1.0



288 279 12 64 8 3555 1980 581 107 24 
118 131 15 122 9 3509 1978 584 125 23 
113 154 10 137 9 3510 1858 591 102 21 
105 121 10 146 9 3521 1852 551 145 20 
105 100 10 95 8 3556 1980 482 129 23 
104 131 14 135 9 3507 1978 579 124 22 
100 124 10 141 9 3619 1858 561 102 22 
104 215 10 135 10 3568 1995 435 104 23 
104 100 10 134 10 3865 1876 480 139 13 

