List<Integer> lowerLimit = Arrays.asList(100, 100, 10, 50, 5, 1000, 150, 0, 50, 12);
List<Integer> upperLimit = Arrays.asList(300, 300, 20 ,150, 10, 2000, 300,100, 100, 24);

Hypervolume (N) : 1.0
Hypervolume     : 0.0
Epsilon (N)     : -0.04620749782040084
Epsilon         : -0.5299999999999976
GD (N)          : 0.4422251941347252
GD              : 10.24314437264805
IGD (N)         : 0.36850673271003737
IGD             : 7.516460732044503
IGD+ (N)        : 0.0
IGD+            : 0.0
Spread (N)      : 0.8547340262752083
Spread          : 0.8998410646254014
Error ratio     : 1.0


18.600000000000005 35.869565217391305 
18.45 36.91304347826087 
12.8 45.61904761904762 

14.700000000000003 37.45454545454545 
19.699999999999996 30.416666666666668 
11.400000000000002 47.69565217391305 


175 209 11 20 8 1010 275 81 50 24 
165 235 11 20 8 1010 275 82 50 24 
101 115 10 86 9 1234 232 45 64 18 
175 209 10 20 9 1010 259 83 50 24 
175 209 11 20 8 1010 275 81 50 24 
175 209 10 20 9 1010 259 83 50 24 
106 196 10 53 8 1054 287 27 85 23 
115 245 11 88 9 1034 173 98 86 23 
108 141 10 68 9 1187 259 24 54 21 
108 127 10 97 10 1873 214 78 50 23 
100 124 10 85 6 1023 265 14 80 22 
118 105 12 61 7 1005 244 95 64 24 
103 106 10 77 8 1343 252 47 53 23 
