List<Integer> lowerLimit = Arrays.asList(100, 100, 10, 50, 5, 2000, 500, 100, 50, 12);
List<Integer> upperLimit = Arrays.asList(300, 300, 20 ,150, 10, 3000, 1000, 300, 100, 24);
		
12.799999999999997 39.30434782608695 




11.05 39.43478260869565 

10.899999999999999 41.40909090909091 

20.4 38.27272727272727 
12.799999999999997 39.30434782608695 
13.7 38.78260869565217 


Hypervolume (N) : 1.0
Hypervolume     : 0.0
Epsilon (N)     : -0.3862249346120317
Epsilon         : -4.430000000000003
GD (N)          : 0.33416880463532433
GD              : 7.269628871195645
IGD (N)         : 0.3982385825220552
IGD             : 6.435729153275119
IGD+ (N)        : 0.0
IGD+            : 0.0
Spread (N)      : 0.9056423950627259
Spread          : 0.8815834953011396
Error ratio     : 1.0


115 121 10 135 5 2041 950 255 68 23 
108 103 11 140 10 2368 563 184 66 23 
107 103 11 140 9 2368 797 184 66 23 
108 100 11 140 10 2111 605 184 67 18 
107 108 10 128 9 2234 898 132 54 19 
111 120 10 148 5 2041 949 253 68 23 
111 121 10 134 9 2041 870 255 67 22 
125 147 10 107 9 2028 949 229 61 22 
103 126 10 134 9 2424 618 242 58 23 
103 154 15 116 7 2053 969 293 51 22 
115 121 10 135 5 2041 950 255 68 23 
117 161 11 113 8 2004 921 250 59 23 
108 103 11 140 10 2368 563 184 66 23 
