Low End


List<Integer> lowerLimit = Arrays.asList(100, 100, 1, 50, 1,  1000, 150, 0, 50, 12);
List<Integer> upperLimit = Arrays.asList(300, 300, 5 ,100, 3,  2000, 300,100, 100, 24);



104 147 2 78 3 1026 272 82 84 24 
154 167 3 56 2 1010 283 86 67 23 
104 129 1 75 3 1031 264 82 84 24 
101 123 1 75 3 1026 189 82 84 20 
118 113 1 93 3 1306 259 85 99 15 
113 113 1 93 3 1320 259 85 99 15 
104 144 1 58 1 1017 280 76 51 23 
104 147 2 78 3 1026 272 82 84 24 
154 263 1 55 1 1000 286 97 96 24 


Hypervolume (N) : 1.0
Hypervolume     : 0.0
Epsilon (N)     : -0.3339145597210112
Epsilon         : -3.8299999999999983
GD (N)          : 0.5459193914891817
GD              : 12.40158459264674
IGD (N)         : 0.4311556183732346
IGD             : 7.794729342629467
IGD+ (N)        : 0.0
IGD+            : 0.0
Spread (N)      : 0.8442547682276698
Spread          : 0.9484118341735599
Error ratio     : 1.0



19.9 30.782608695652176 




11.8 30.956521739130434 











