Real -  Normal VS Highend


List<Integer> lowerLimit = Arrays.asList(100, 100, 1, 50, 1,3500, 1500, 400, 100, 12);
List<Integer> upperLimit = Arrays.asList(300, 300, 5 ,100, 3,4000, 2000, 600, 200, 24);

fun > 10 && fun < 50)
(fun >  30 && fun < 70)
			

		
		
101 166 1 99 2 3509 1984 552 141 22 
103 126 2 82 3 3521 1994 480 113 21 
107 135 1 91 2 3524 1954 480 141 22 
12.360000000000001 58.643478260869564 
21.78000000000001 56.97391304347826 

107 135 1 91 2 3524 1954 480 141 22 
113 127 1 93 3 3506 1935 513 141 21 
107 135 1 91 2 3524 1954 480 141 22 
104 119 2 78 1 3519 1927 569 101 23 
141 294 1 89 2 3550 1974 590 106 23 
108 101 1 98 3 3506 1933 401 143 21 
105 128 1 98 3 3506 1933 513 142 21 
105 102 1 95 1 3604 1991 476 175 23 


Hypervolume (N) : 1.0
Hypervolume     : 0.0
Epsilon (N)     : -0.40542661000326896
Epsilon         : -4.92
GD (N)          : 0.2109258723379103
GD              : 4.014388254565861
IGD (N)         : 0.3549318636278614
IGD             : 6.912336856152062
IGD+ (N)        : 0.0
IGD+            : 0.0
Spread (N)      : 0.9134554715895071
Spread          : 0.9400179334916011
Error ratio     : 1.0