Real -  Data Extensive VS Highend

		List<Integer> lowerLimit = Arrays.asList(100, 100, 10, 100, 5, 3500, 1500, 400, 100, 12);
		List<Integer> upperLimit = Arrays.asList(300, 300, 20 ,200, 10, 4000, 2000, 600, 200, 24);
		
		(fun > 10 && fun < 50)
		(fun >  30 && fun < 70)
		
12.539999999999996 61.9304347826087 
43.86000000000001 55.565217391304344 
38.4 55.878260869565224 
21.959999999999997 57.70434782608696 
16.38 58.25 


172 162 10 166 9 3584 1959 569 131 23 
218 163 17 144 5 3507 1994 551 103 23 
103 107 10 165 9 3709 1981 466 182 23 
102 183 11 188 9 3517 1960 466 183 23 
172 152 10 197 9 3570 1888 592 145 23 
102 113 10 183 10 3876 1700 587 122 22 
159 102 20 135 6 3508 1992 549 104 23 
105 112 10 176 8 3557 2000 451 108 20 
135 173 10 190 9 3580 1897 550 132 23 
172 276 11 197 7 3571 1997 596 128 23 
114 132 15 166 8 3513 1879 586 117 24 

Hypervolume (N) : 1.0
Hypervolume     : 0.0
Epsilon (N)     : -0.4438923395445133
Epsilon         : -6.899999999999993
GD (N)          : 0.33934109855380856
GD              : 5.1443287275972365
IGD (N)         : 0.36823060509641786
IGD             : 5.5502836326344465
IGD+ (N)        : 0.0
IGD+            : 0.0
Spread (N)      : 0.7306511757033275
Spread          : 0.7496522167038343
Error ratio     : 1.0










